name,module_name,module_index,layer,module_type,module_family,n,k,selected_method,backend
model.language_model.layers.0.self_attn.q_proj,model.language_model.layers.0.self_attn.q_proj,1,0,q_proj,attention,4096,4096,sparse_bf16,sparse_bf16
model.language_model.layers.0.self_attn.k_proj,model.language_model.layers.0.self_attn.k_proj,2,0,k_proj,attention,4096,4096,sparse_bf16,sparse_bf16
model.language_model.layers.0.self_attn.v_proj,model.language_model.layers.0.self_attn.v_proj,3,0,v_proj,attention,4096,4096,dense_bf16,dense_bf16
model.language_model.layers.0.self_attn.o_proj,model.language_model.layers.0.self_attn.o_proj,4,0,o_proj,attention,4096,4096,dense_bf16,dense_bf16
model.language_model.layers.0.mlp.gate_proj,model.language_model.layers.0.mlp.gate_proj,5,0,gate_proj,mlp,11008,4096,dense_bf16,dense_bf16
model.language_model.layers.0.mlp.up_proj,model.language_model.layers.0.mlp.up_proj,6,0,up_proj,mlp,11008,4096,dense_bf16,dense_bf16
model.language_model.layers.0.mlp.down_proj,model.language_model.layers.0.mlp.down_proj,7,0,down_proj,mlp,4096,11008,dense_nvfp4,dense_nvfp4
model.language_model.layers.1.self_attn.q_proj,model.language_model.layers.1.self_attn.q_proj,8,1,q_proj,attention,4096,4096,sparse_nvfp4,sparse_nvfp4
model.language_model.layers.1.self_attn.k_proj,model.language_model.layers.1.self_attn.k_proj,9,1,k_proj,attention,4096,4096,sparse_nvfp4,sparse_nvfp4
model.language_model.layers.1.self_attn.v_proj,model.language_model.layers.1.self_attn.v_proj,10,1,v_proj,attention,4096,4096,dense_bf16,dense_bf16
model.language_model.layers.1.self_attn.o_proj,model.language_model.layers.1.self_attn.o_proj,11,1,o_proj,attention,4096,4096,sparse_nvfp4,sparse_nvfp4
model.language_model.layers.1.mlp.gate_proj,model.language_model.layers.1.mlp.gate_proj,12,1,gate_proj,mlp,11008,4096,dense_bf16,dense_bf16
model.language_model.layers.1.mlp.up_proj,model.language_model.layers.1.mlp.up_proj,13,1,up_proj,mlp,11008,4096,dense_nvfp4,dense_nvfp4
model.language_model.layers.1.mlp.down_proj,model.language_model.layers.1.mlp.down_proj,14,1,down_proj,mlp,4096,11008,dense_nvfp4,dense_nvfp4
model.language_model.layers.2.self_attn.q_proj,model.language_model.layers.2.self_attn.q_proj,15,2,q_proj,attention,4096,4096,sparse_nvfp4,sparse_nvfp4
model.language_model.layers.2.self_attn.k_proj,model.language_model.layers.2.self_attn.k_proj,16,2,k_proj,attention,4096,4096,sparse_bf16,sparse_bf16
model.language_model.layers.2.self_attn.v_proj,model.language_model.layers.2.self_attn.v_proj,17,2,v_proj,attention,4096,4096,dense_nvfp4,dense_nvfp4
model.language_model.layers.2.self_attn.o_proj,model.language_model.layers.2.self_attn.o_proj,18,2,o_proj,attention,4096,4096,sparse_bf16,sparse_bf16
model.language_model.layers.2.mlp.gate_proj,model.language_model.layers.2.mlp.gate_proj,19,2,gate_proj,mlp,11008,4096,dense_nvfp4,dense_nvfp4
model.language_model.layers.2.mlp.up_proj,model.language_model.layers.2.mlp.up_proj,20,2,up_proj,mlp,11008,4096,dense_nvfp4,dense_nvfp4
model.language_model.layers.2.mlp.down_proj,model.language_model.layers.2.mlp.down_proj,21,2,down_proj,mlp,4096,11008,sparse_nvfp4,sparse_nvfp4
model.language_model.layers.3.self_attn.q_proj,model.language_model.layers.3.self_attn.q_proj,22,3,q_proj,attention,4096,4096,sparse_nvfp4,sparse_nvfp4
model.language_model.layers.3.self_attn.k_proj,model.language_model.layers.3.self_attn.k_proj,23,3,k_proj,attention,4096,4096,dense_nvfp4,dense_nvfp4
model.language_model.layers.3.self_attn.v_proj,model.language_model.layers.3.self_attn.v_proj,24,3,v_proj,attention,4096,4096,dense_bf16,dense_bf16
model.language_model.layers.3.self_attn.o_proj,model.language_model.layers.3.self_attn.o_proj,25,3,o_proj,attention,4096,4096,sparse_bf16,sparse_bf16
model.language_model.layers.3.mlp.gate_proj,model.language_model.layers.3.mlp.gate_proj,26,3,gate_proj,mlp,11008,4096,dense_nvfp4,dense_nvfp4
model.language_model.layers.3.mlp.up_proj,model.language_model.layers.3.mlp.up_proj,27,3,up_proj,mlp,11008,4096,sparse_nvfp4,sparse_nvfp4
model.language_model.layers.3.mlp.down_proj,model.language_model.layers.3.mlp.down_proj,28,3,down_proj,mlp,4096,11008,dense_bf16,dense_bf16
model.language_model.layers.4.self_attn.q_proj,model.language_model.layers.4.self_attn.q_proj,29,4,q_proj,attention,4096,4096,dense_nvfp4,dense_nvfp4
model.language_model.layers.4.self_attn.k_proj,model.language_model.layers.4.self_attn.k_proj,30,4,k_proj,attention,4096,4096,sparse_bf16,sparse_bf16
model.language_model.layers.4.self_attn.v_proj,model.language_model.layers.4.self_attn.v_proj,31,4,v_proj,attention,4096,4096,dense_bf16,dense_bf16
model.language_model.layers.4.self_attn.o_proj,model.language_model.layers.4.self_attn.o_proj,32,4,o_proj,attention,4096,4096,dense_bf16,dense_bf16
model.language_model.layers.4.mlp.gate_proj,model.language_model.layers.4.mlp.gate_proj,33,4,gate_proj,mlp,11008,4096,sparse_bf16,sparse_bf16
model.language_model.layers.4.mlp.up_proj,model.language_model.layers.4.mlp.up_proj,34,4,up_proj,mlp,11008,4096,sparse_bf16,sparse_bf16
model.language_model.layers.4.mlp.down_proj,model.language_model.layers.4.mlp.down_proj,35,4,down_proj,mlp,4096,11008,sparse_bf16,sparse_bf16
model.language_model.layers.5.self_attn.q_proj,model.language_model.layers.5.self_attn.q_proj,36,5,q_proj,attention,4096,4096,dense_nvfp4,dense_nvfp4
model.language_model.layers.5.self_attn.k_proj,model.language_model.layers.5.self_attn.k_proj,37,5,k_proj,attention,4096,4096,dense_nvfp4,dense_nvfp4
model.language_model.layers.5.self_attn.v_proj,model.language_model.layers.5.self_attn.v_proj,38,5,v_proj,attention,4096,4096,sparse_nvfp4,sparse_nvfp4
model.language_model.layers.5.self_attn.o_proj,model.language_model.layers.5.self_attn.o_proj,39,5,o_proj,attention,4096,4096,sparse_nvfp4,sparse_nvfp4
model.language_model.layers.5.mlp.gate_proj,model.language_model.layers.5.mlp.gate_proj,40,5,gate_proj,mlp,11008,4096,dense_bf16,dense_bf16
model.language_model.layers.5.mlp.up_proj,model.language_model.layers.5.mlp.up_proj,41,5,up_proj,mlp,11008,4096,sparse_bf16,sparse_bf16
model.language_model.layers.5.mlp.down_proj,model.language_model.layers.5.mlp.down_proj,42,5,down_proj,mlp,4096,11008,sparse_nvfp4,sparse_nvfp4
model.language_model.layers.6.self_attn.q_proj,model.language_model.layers.6.self_attn.q_proj,43,6,q_proj,attention,4096,4096,dense_bf16,dense_bf16
model.language_model.layers.6.self_attn.k_proj,model.language_model.layers.6.self_attn.k_proj,44,6,k_proj,attention,4096,4096,sparse_bf16,sparse_bf16
model.language_model.layers.6.self_attn.v_proj,model.language_model.layers.6.self_attn.v_proj,45,6,v_proj,attention,4096,4096,sparse_bf16,sparse_bf16
model.language_model.layers.6.self_attn.o_proj,model.language_model.layers.6.self_attn.o_proj,46,6,o_proj,attention,4096,4096,sparse_nvfp4,sparse_nvfp4
model.language_model.layers.6.mlp.gate_proj,model.language_model.layers.6.mlp.gate_proj,47,6,gate_proj,mlp,11008,4096,sparse_bf16,sparse_bf16
model.language_model.layers.6.mlp.up_proj,model.language_model.layers.6.mlp.up_proj,48,6,up_proj,mlp,11008,4096,sparse_bf16,sparse_bf16
model.language_model.layers.6.mlp.down_proj,model.language_model.layers.6.mlp.down_proj,49,6,down_proj,mlp,4096,11008,dense_bf16,dense_bf16
model.language_model.layers.7.self_attn.q_proj,model.language_model.layers.7.self_attn.q_proj,50,7,q_proj,attention,4096,4096,sparse_nvfp4,sparse_nvfp4
model.language_model.layers.7.self_attn.k_proj,model.language_model.layers.7.self_attn.k_proj,51,7,k_proj,attention,4096,4096,dense_nvfp4,dense_nvfp4
model.language_model.layers.7.self_attn.v_proj,model.language_model.layers.7.self_attn.v_proj,52,7,v_proj,attention,4096,4096,sparse_bf16,sparse_bf16
model.language_model.layers.7.self_attn.o_proj,model.language_model.layers.7.self_attn.o_proj,53,7,o_proj,attention,4096,4096,sparse_nvfp4,sparse_nvfp4
model.language_model.layers.7.mlp.gate_proj,model.language_model.layers.7.mlp.gate_proj,54,7,gate_proj,mlp,11008,4096,dense_bf16,dense_bf16
model.language_model.layers.7.mlp.up_proj,model.language_model.layers.7.mlp.up_proj,55,7,up_proj,mlp,11008,4096,dense_nvfp4,dense_nvfp4
model.language_model.layers.7.mlp.down_proj,model.language_model.layers.7.mlp.down_proj,56,7,down_proj,mlp,4096,11008,dense_bf16,dense_bf16
model.language_model.layers.8.self_attn.q_proj,model.language_model.layers.8.self_attn.q_proj,57,8,q_proj,attention,4096,4096,dense_bf16,dense_bf16
model.language_model.layers.8.self_attn.k_proj,model.language_model.layers.8.self_attn.k_proj,58,8,k_proj,attention,4096,4096,dense_bf16,dense_bf16
model.language_model.layers.8.self_attn.v_proj,model.language_model.layers.8.self_attn.v_proj,59,8,v_proj,attention,4096,4096,sparse_bf16,sparse_bf16
model.language_model.layers.8.self_attn.o_proj,model.language_model.layers.8.self_attn.o_proj,60,8,o_proj,attention,4096,4096,sparse_nvfp4,sparse_nvfp4
model.language_model.layers.8.mlp.gate_proj,model.language_model.layers.8.mlp.gate_proj,61,8,gate_proj,mlp,11008,4096,dense_nvfp4,dense_nvfp4
model.language_model.layers.8.mlp.up_proj,model.language_model.layers.8.mlp.up_proj,62,8,up_proj,mlp,11008,4096,sparse_bf16,sparse_bf16
model.language_model.layers.8.mlp.down_proj,model.language_model.layers.8.mlp.down_proj,63,8,down_proj,mlp,4096,11008,dense_bf16,dense_bf16
model.language_model.layers.9.self_attn.q_proj,model.language_model.layers.9.self_attn.q_proj,64,9,q_proj,attention,4096,4096,dense_bf16,dense_bf16
model.language_model.layers.9.self_attn.k_proj,model.language_model.layers.9.self_attn.k_proj,65,9,k_proj,attention,4096,4096,dense_bf16,dense_bf16
model.language_model.layers.9.self_attn.v_proj,model.language_model.layers.9.self_attn.v_proj,66,9,v_proj,attention,4096,4096,sparse_bf16,sparse_bf16
model.language_model.layers.9.self_attn.o_proj,model.language_model.layers.9.self_attn.o_proj,67,9,o_proj,attention,4096,4096,sparse_nvfp4,sparse_nvfp4
model.language_model.layers.9.mlp.gate_proj,model.language_model.layers.9.mlp.gate_proj,68,9,gate_proj,mlp,11008,4096,sparse_bf16,sparse_bf16
model.language_model.layers.9.mlp.up_proj,model.language_model.layers.9.mlp.up_proj,69,9,up_proj,mlp,11008,4096,dense_nvfp4,dense_nvfp4
model.language_model.layers.9.mlp.down_proj,model.language_model.layers.9.mlp.down_proj,70,9,down_proj,mlp,4096,11008,sparse_nvfp4,sparse_nvfp4
model.language_model.layers.10.self_attn.q_proj,model.language_model.layers.10.self_attn.q_proj,71,10,q_proj,attention,4096,4096,sparse_bf16,sparse_bf16
model.language_model.layers.10.self_attn.k_proj,model.language_model.layers.10.self_attn.k_proj,72,10,k_proj,attention,4096,4096,sparse_bf16,sparse_bf16
model.language_model.layers.10.self_attn.v_proj,model.language_model.layers.10.self_attn.v_proj,73,10,v_proj,attention,4096,4096,sparse_bf16,sparse_bf16
model.language_model.layers.10.self_attn.o_proj,model.language_model.layers.10.self_attn.o_proj,74,10,o_proj,attention,4096,4096,sparse_nvfp4,sparse_nvfp4
model.language_model.layers.10.mlp.gate_proj,model.language_model.layers.10.mlp.gate_proj,75,10,gate_proj,mlp,11008,4096,sparse_nvfp4,sparse_nvfp4
model.language_model.layers.10.mlp.up_proj,model.language_model.layers.10.mlp.up_proj,76,10,up_proj,mlp,11008,4096,sparse_bf16,sparse_bf16
model.language_model.layers.10.mlp.down_proj,model.language_model.layers.10.mlp.down_proj,77,10,down_proj,mlp,4096,11008,sparse_nvfp4,sparse_nvfp4
model.language_model.layers.11.self_attn.q_proj,model.language_model.layers.11.self_attn.q_proj,78,11,q_proj,attention,4096,4096,sparse_nvfp4,sparse_nvfp4
model.language_model.layers.11.self_attn.k_proj,model.language_model.layers.11.self_attn.k_proj,79,11,k_proj,attention,4096,4096,dense_nvfp4,dense_nvfp4
model.language_model.layers.11.self_attn.v_proj,model.language_model.layers.11.self_attn.v_proj,80,11,v_proj,attention,4096,4096,dense_nvfp4,dense_nvfp4
model.language_model.layers.11.self_attn.o_proj,model.language_model.layers.11.self_attn.o_proj,81,11,o_proj,attention,4096,4096,sparse_nvfp4,sparse_nvfp4
model.language_model.layers.11.mlp.gate_proj,model.language_model.layers.11.mlp.gate_proj,82,11,gate_proj,mlp,11008,4096,sparse_bf16,sparse_bf16
model.language_model.layers.11.mlp.up_proj,model.language_model.layers.11.mlp.up_proj,83,11,up_proj,mlp,11008,4096,dense_nvfp4,dense_nvfp4
model.language_model.layers.11.mlp.down_proj,model.language_model.layers.11.mlp.down_proj,84,11,down_proj,mlp,4096,11008,dense_bf16,dense_bf16
model.language_model.layers.12.self_attn.q_proj,model.language_model.layers.12.self_attn.q_proj,85,12,q_proj,attention,4096,4096,dense_nvfp4,dense_nvfp4
model.language_model.layers.12.self_attn.k_proj,model.language_model.layers.12.self_attn.k_proj,86,12,k_proj,attention,4096,4096,dense_nvfp4,dense_nvfp4
model.language_model.layers.12.self_attn.v_proj,model.language_model.layers.12.self_attn.v_proj,87,12,v_proj,attention,4096,4096,sparse_bf16,sparse_bf16
model.language_model.layers.12.self_attn.o_proj,model.language_model.layers.12.self_attn.o_proj,88,12,o_proj,attention,4096,4096,sparse_bf16,sparse_bf16
model.language_model.layers.12.mlp.gate_proj,model.language_model.layers.12.mlp.gate_proj,89,12,gate_proj,mlp,11008,4096,sparse_bf16,sparse_bf16
model.language_model.layers.12.mlp.up_proj,model.language_model.layers.12.mlp.up_proj,90,12,up_proj,mlp,11008,4096,dense_bf16,dense_bf16
model.language_model.layers.12.mlp.down_proj,model.language_model.layers.12.mlp.down_proj,91,12,down_proj,mlp,4096,11008,sparse_bf16,sparse_bf16
model.language_model.layers.13.self_attn.q_proj,model.language_model.layers.13.self_attn.q_proj,92,13,q_proj,attention,4096,4096,dense_bf16,dense_bf16
model.language_model.layers.13.self_attn.k_proj,model.language_model.layers.13.self_attn.k_proj,93,13,k_proj,attention,4096,4096,dense_bf16,dense_bf16
model.language_model.layers.13.self_attn.v_proj,model.language_model.layers.13.self_attn.v_proj,94,13,v_proj,attention,4096,4096,dense_nvfp4,dense_nvfp4
model.language_model.layers.13.self_attn.o_proj,model.language_model.layers.13.self_attn.o_proj,95,13,o_proj,attention,4096,4096,dense_bf16,dense_bf16
model.language_model.layers.13.mlp.gate_proj,model.language_model.layers.13.mlp.gate_proj,96,13,gate_proj,mlp,11008,4096,sparse_bf16,sparse_bf16
model.language_model.layers.13.mlp.up_proj,model.language_model.layers.13.mlp.up_proj,97,13,up_proj,mlp,11008,4096,dense_bf16,dense_bf16
model.language_model.layers.13.mlp.down_proj,model.language_model.layers.13.mlp.down_proj,98,13,down_proj,mlp,4096,11008,sparse_bf16,sparse_bf16
model.language_model.layers.14.self_attn.q_proj,model.language_model.layers.14.self_attn.q_proj,99,14,q_proj,attention,4096,4096,sparse_nvfp4,sparse_nvfp4
model.language_model.layers.14.self_attn.k_proj,model.language_model.layers.14.self_attn.k_proj,100,14,k_proj,attention,4096,4096,sparse_nvfp4,sparse_nvfp4
model.language_model.layers.14.self_attn.v_proj,model.language_model.layers.14.self_attn.v_proj,101,14,v_proj,attention,4096,4096,dense_bf16,dense_bf16
model.language_model.layers.14.self_attn.o_proj,model.language_model.layers.14.self_attn.o_proj,102,14,o_proj,attention,4096,4096,dense_nvfp4,dense_nvfp4
model.language_model.layers.14.mlp.gate_proj,model.language_model.layers.14.mlp.gate_proj,103,14,gate_proj,mlp,11008,4096,sparse_bf16,sparse_bf16
model.language_model.layers.14.mlp.up_proj,model.language_model.layers.14.mlp.up_proj,104,14,up_proj,mlp,11008,4096,dense_nvfp4,dense_nvfp4
model.language_model.layers.14.mlp.down_proj,model.language_model.layers.14.mlp.down_proj,105,14,down_proj,mlp,4096,11008,dense_nvfp4,dense_nvfp4
model.language_model.layers.15.self_attn.q_proj,model.language_model.layers.15.self_attn.q_proj,106,15,q_proj,attention,4096,4096,sparse_bf16,sparse_bf16
model.language_model.layers.15.self_attn.k_proj,model.language_model.layers.15.self_attn.k_proj,107,15,k_proj,attention,4096,4096,dense_nvfp4,dense_nvfp4
model.language_model.layers.15.self_attn.v_proj,model.language_model.layers.15.self_attn.v_proj,108,15,v_proj,attention,4096,4096,dense_bf16,dense_bf16
model.language_model.layers.15.self_attn.o_proj,model.language_model.layers.15.self_attn.o_proj,109,15,o_proj,attention,4096,4096,dense_bf16,dense_bf16
model.language_model.layers.15.mlp.gate_proj,model.language_model.layers.15.mlp.gate_proj,110,15,gate_proj,mlp,11008,4096,dense_bf16,dense_bf16
model.language_model.layers.15.mlp.up_proj,model.language_model.layers.15.mlp.up_proj,111,15,up_proj,mlp,11008,4096,dense_nvfp4,dense_nvfp4
model.language_model.layers.15.mlp.down_proj,model.language_model.layers.15.mlp.down_proj,112,15,down_proj,mlp,4096,11008,dense_bf16,dense_bf16
model.language_model.layers.16.self_attn.q_proj,model.language_model.layers.16.self_attn.q_proj,113,16,q_proj,attention,4096,4096,dense_bf16,dense_bf16
model.language_model.layers.16.self_attn.k_proj,model.language_model.layers.16.self_attn.k_proj,114,16,k_proj,attention,4096,4096,sparse_nvfp4,sparse_nvfp4
model.language_model.layers.16.self_attn.v_proj,model.language_model.layers.16.self_attn.v_proj,115,16,v_proj,attention,4096,4096,dense_bf16,dense_bf16
model.language_model.layers.16.self_attn.o_proj,model.language_model.layers.16.self_attn.o_proj,116,16,o_proj,attention,4096,4096,sparse_bf16,sparse_bf16
model.language_model.layers.16.mlp.gate_proj,model.language_model.layers.16.mlp.gate_proj,117,16,gate_proj,mlp,11008,4096,dense_nvfp4,dense_nvfp4
model.language_model.layers.16.mlp.up_proj,model.language_model.layers.16.mlp.up_proj,118,16,up_proj,mlp,11008,4096,sparse_bf16,sparse_bf16
model.language_model.layers.16.mlp.down_proj,model.language_model.layers.16.mlp.down_proj,119,16,down_proj,mlp,4096,11008,sparse_nvfp4,sparse_nvfp4
model.language_model.layers.17.self_attn.q_proj,model.language_model.layers.17.self_attn.q_proj,120,17,q_proj,attention,4096,4096,dense_nvfp4,dense_nvfp4
model.language_model.layers.17.self_attn.k_proj,model.language_model.layers.17.self_attn.k_proj,121,17,k_proj,attention,4096,4096,dense_nvfp4,dense_nvfp4
model.language_model.layers.17.self_attn.v_proj,model.language_model.layers.17.self_attn.v_proj,122,17,v_proj,attention,4096,4096,dense_nvfp4,dense_nvfp4
model.language_model.layers.17.self_attn.o_proj,model.language_model.layers.17.self_attn.o_proj,123,17,o_proj,attention,4096,4096,sparse_nvfp4,sparse_nvfp4
model.language_model.layers.17.mlp.gate_proj,model.language_model.layers.17.mlp.gate_proj,124,17,gate_proj,mlp,11008,4096,sparse_nvfp4,sparse_nvfp4
model.language_model.layers.17.mlp.up_proj,model.language_model.layers.17.mlp.up_proj,125,17,up_proj,mlp,11008,4096,dense_nvfp4,dense_nvfp4
model.language_model.layers.17.mlp.down_proj,model.language_model.layers.17.mlp.down_proj,126,17,down_proj,mlp,4096,11008,dense_bf16,dense_bf16
model.language_model.layers.18.self_attn.q_proj,model.language_model.layers.18.self_attn.q_proj,127,18,q_proj,attention,4096,4096,sparse_nvfp4,sparse_nvfp4
model.language_model.layers.18.self_attn.k_proj,model.language_model.layers.18.self_attn.k_proj,128,18,k_proj,attention,4096,4096,sparse_nvfp4,sparse_nvfp4
model.language_model.layers.18.self_attn.v_proj,model.language_model.layers.18.self_attn.v_proj,129,18,v_proj,attention,4096,4096,dense_nvfp4,dense_nvfp4
model.language_model.layers.18.self_attn.o_proj,model.language_model.layers.18.self_attn.o_proj,130,18,o_proj,attention,4096,4096,sparse_nvfp4,sparse_nvfp4
model.language_model.layers.18.mlp.gate_proj,model.language_model.layers.18.mlp.gate_proj,131,18,gate_proj,mlp,11008,4096,dense_bf16,dense_bf16
model.language_model.layers.18.mlp.up_proj,model.language_model.layers.18.mlp.up_proj,132,18,up_proj,mlp,11008,4096,dense_nvfp4,dense_nvfp4
model.language_model.layers.18.mlp.down_proj,model.language_model.layers.18.mlp.down_proj,133,18,down_proj,mlp,4096,11008,dense_nvfp4,dense_nvfp4
model.language_model.layers.19.self_attn.q_proj,model.language_model.layers.19.self_attn.q_proj,134,19,q_proj,attention,4096,4096,sparse_bf16,sparse_bf16
model.language_model.layers.19.self_attn.k_proj,model.language_model.layers.19.self_attn.k_proj,135,19,k_proj,attention,4096,4096,dense_nvfp4,dense_nvfp4
model.language_model.layers.19.self_attn.v_proj,model.language_model.layers.19.self_attn.v_proj,136,19,v_proj,attention,4096,4096,sparse_nvfp4,sparse_nvfp4
model.language_model.layers.19.self_attn.o_proj,model.language_model.layers.19.self_attn.o_proj,137,19,o_proj,attention,4096,4096,sparse_bf16,sparse_bf16
model.language_model.layers.19.mlp.gate_proj,model.language_model.layers.19.mlp.gate_proj,138,19,gate_proj,mlp,11008,4096,sparse_nvfp4,sparse_nvfp4
model.language_model.layers.19.mlp.up_proj,model.language_model.layers.19.mlp.up_proj,139,19,up_proj,mlp,11008,4096,sparse_nvfp4,sparse_nvfp4
model.language_model.layers.19.mlp.down_proj,model.language_model.layers.19.mlp.down_proj,140,19,down_proj,mlp,4096,11008,sparse_bf16,sparse_bf16
model.language_model.layers.20.self_attn.q_proj,model.language_model.layers.20.self_attn.q_proj,141,20,q_proj,attention,4096,4096,dense_nvfp4,dense_nvfp4
model.language_model.layers.20.self_attn.k_proj,model.language_model.layers.20.self_attn.k_proj,142,20,k_proj,attention,4096,4096,sparse_nvfp4,sparse_nvfp4
model.language_model.layers.20.self_attn.v_proj,model.language_model.layers.20.self_attn.v_proj,143,20,v_proj,attention,4096,4096,sparse_nvfp4,sparse_nvfp4
model.language_model.layers.20.self_attn.o_proj,model.language_model.layers.20.self_attn.o_proj,144,20,o_proj,attention,4096,4096,sparse_nvfp4,sparse_nvfp4
model.language_model.layers.20.mlp.gate_proj,model.language_model.layers.20.mlp.gate_proj,145,20,gate_proj,mlp,11008,4096,dense_nvfp4,dense_nvfp4
model.language_model.layers.20.mlp.up_proj,model.language_model.layers.20.mlp.up_proj,146,20,up_proj,mlp,11008,4096,sparse_nvfp4,sparse_nvfp4
model.language_model.layers.20.mlp.down_proj,model.language_model.layers.20.mlp.down_proj,147,20,down_proj,mlp,4096,11008,dense_bf16,dense_bf16
model.language_model.layers.21.self_attn.q_proj,model.language_model.layers.21.self_attn.q_proj,148,21,q_proj,attention,4096,4096,dense_bf16,dense_bf16
model.language_model.layers.21.self_attn.k_proj,model.language_model.layers.21.self_attn.k_proj,149,21,k_proj,attention,4096,4096,sparse_nvfp4,sparse_nvfp4
model.language_model.layers.21.self_attn.v_proj,model.language_model.layers.21.self_attn.v_proj,150,21,v_proj,attention,4096,4096,dense_bf16,dense_bf16
model.language_model.layers.21.self_attn.o_proj,model.language_model.layers.21.self_attn.o_proj,151,21,o_proj,attention,4096,4096,sparse_bf16,sparse_bf16
model.language_model.layers.21.mlp.gate_proj,model.language_model.layers.21.mlp.gate_proj,152,21,gate_proj,mlp,11008,4096,sparse_bf16,sparse_bf16
model.language_model.layers.21.mlp.up_proj,model.language_model.layers.21.mlp.up_proj,153,21,up_proj,mlp,11008,4096,sparse_bf16,sparse_bf16
model.language_model.layers.21.mlp.down_proj,model.language_model.layers.21.mlp.down_proj,154,21,down_proj,mlp,4096,11008,sparse_nvfp4,sparse_nvfp4
model.language_model.layers.22.self_attn.q_proj,model.language_model.layers.22.self_attn.q_proj,155,22,q_proj,attention,4096,4096,sparse_bf16,sparse_bf16
model.language_model.layers.22.self_attn.k_proj,model.language_model.layers.22.self_attn.k_proj,156,22,k_proj,attention,4096,4096,dense_bf16,dense_bf16
model.language_model.layers.22.self_attn.v_proj,model.language_model.layers.22.self_attn.v_proj,157,22,v_proj,attention,4096,4096,dense_bf16,dense_bf16
model.language_model.layers.22.self_attn.o_proj,model.language_model.layers.22.self_attn.o_proj,158,22,o_proj,attention,4096,4096,dense_bf16,dense_bf16
model.language_model.layers.22.mlp.gate_proj,model.language_model.layers.22.mlp.gate_proj,159,22,gate_proj,mlp,11008,4096,sparse_bf16,sparse_bf16
model.language_model.layers.22.mlp.up_proj,model.language_model.layers.22.mlp.up_proj,160,22,up_proj,mlp,11008,4096,dense_nvfp4,dense_nvfp4
model.language_model.layers.22.mlp.down_proj,model.language_model.layers.22.mlp.down_proj,161,22,down_proj,mlp,4096,11008,sparse_bf16,sparse_bf16
model.language_model.layers.23.self_attn.q_proj,model.language_model.layers.23.self_attn.q_proj,162,23,q_proj,attention,4096,4096,dense_nvfp4,dense_nvfp4
model.language_model.layers.23.self_attn.k_proj,model.language_model.layers.23.self_attn.k_proj,163,23,k_proj,attention,4096,4096,dense_bf16,dense_bf16
model.language_model.layers.23.self_attn.v_proj,model.language_model.layers.23.self_attn.v_proj,164,23,v_proj,attention,4096,4096,dense_bf16,dense_bf16
model.language_model.layers.23.self_attn.o_proj,model.language_model.layers.23.self_attn.o_proj,165,23,o_proj,attention,4096,4096,dense_nvfp4,dense_nvfp4
model.language_model.layers.23.mlp.gate_proj,model.language_model.layers.23.mlp.gate_proj,166,23,gate_proj,mlp,11008,4096,dense_bf16,dense_bf16
model.language_model.layers.23.mlp.up_proj,model.language_model.layers.23.mlp.up_proj,167,23,up_proj,mlp,11008,4096,sparse_bf16,sparse_bf16
model.language_model.layers.23.mlp.down_proj,model.language_model.layers.23.mlp.down_proj,168,23,down_proj,mlp,4096,11008,sparse_nvfp4,sparse_nvfp4
model.language_model.layers.24.self_attn.q_proj,model.language_model.layers.24.self_attn.q_proj,169,24,q_proj,attention,4096,4096,sparse_bf16,sparse_bf16
model.language_model.layers.24.self_attn.k_proj,model.language_model.layers.24.self_attn.k_proj,170,24,k_proj,attention,4096,4096,dense_bf16,dense_bf16
model.language_model.layers.24.self_attn.v_proj,model.language_model.layers.24.self_attn.v_proj,171,24,v_proj,attention,4096,4096,dense_bf16,dense_bf16
model.language_model.layers.24.self_attn.o_proj,model.language_model.layers.24.self_attn.o_proj,172,24,o_proj,attention,4096,4096,dense_bf16,dense_bf16
model.language_model.layers.24.mlp.gate_proj,model.language_model.layers.24.mlp.gate_proj,173,24,gate_proj,mlp,11008,4096,dense_nvfp4,dense_nvfp4
model.language_model.layers.24.mlp.up_proj,model.language_model.layers.24.mlp.up_proj,174,24,up_proj,mlp,11008,4096,dense_nvfp4,dense_nvfp4
model.language_model.layers.24.mlp.down_proj,model.language_model.layers.24.mlp.down_proj,175,24,down_proj,mlp,4096,11008,dense_bf16,dense_bf16
model.language_model.layers.25.self_attn.q_proj,model.language_model.layers.25.self_attn.q_proj,176,25,q_proj,attention,4096,4096,sparse_nvfp4,sparse_nvfp4
model.language_model.layers.25.self_attn.k_proj,model.language_model.layers.25.self_attn.k_proj,177,25,k_proj,attention,4096,4096,dense_nvfp4,dense_nvfp4
model.language_model.layers.25.self_attn.v_proj,model.language_model.layers.25.self_attn.v_proj,178,25,v_proj,attention,4096,4096,sparse_bf16,sparse_bf16
model.language_model.layers.25.self_attn.o_proj,model.language_model.layers.25.self_attn.o_proj,179,25,o_proj,attention,4096,4096,dense_bf16,dense_bf16
model.language_model.layers.25.mlp.gate_proj,model.language_model.layers.25.mlp.gate_proj,180,25,gate_proj,mlp,11008,4096,dense_nvfp4,dense_nvfp4
model.language_model.layers.25.mlp.up_proj,model.language_model.layers.25.mlp.up_proj,181,25,up_proj,mlp,11008,4096,dense_nvfp4,dense_nvfp4
model.language_model.layers.25.mlp.down_proj,model.language_model.layers.25.mlp.down_proj,182,25,down_proj,mlp,4096,11008,sparse_nvfp4,sparse_nvfp4
model.language_model.layers.26.self_attn.q_proj,model.language_model.layers.26.self_attn.q_proj,183,26,q_proj,attention,4096,4096,dense_bf16,dense_bf16
model.language_model.layers.26.self_attn.k_proj,model.language_model.layers.26.self_attn.k_proj,184,26,k_proj,attention,4096,4096,dense_nvfp4,dense_nvfp4
model.language_model.layers.26.self_attn.v_proj,model.language_model.layers.26.self_attn.v_proj,185,26,v_proj,attention,4096,4096,sparse_nvfp4,sparse_nvfp4
model.language_model.layers.26.self_attn.o_proj,model.language_model.layers.26.self_attn.o_proj,186,26,o_proj,attention,4096,4096,dense_nvfp4,dense_nvfp4
model.language_model.layers.26.mlp.gate_proj,model.language_model.layers.26.mlp.gate_proj,187,26,gate_proj,mlp,11008,4096,sparse_nvfp4,sparse_nvfp4
model.language_model.layers.26.mlp.up_proj,model.language_model.layers.26.mlp.up_proj,188,26,up_proj,mlp,11008,4096,sparse_bf16,sparse_bf16
model.language_model.layers.26.mlp.down_proj,model.language_model.layers.26.mlp.down_proj,189,26,down_proj,mlp,4096,11008,dense_nvfp4,dense_nvfp4
model.language_model.layers.27.self_attn.q_proj,model.language_model.layers.27.self_attn.q_proj,190,27,q_proj,attention,4096,4096,dense_nvfp4,dense_nvfp4
model.language_model.layers.27.self_attn.k_proj,model.language_model.layers.27.self_attn.k_proj,191,27,k_proj,attention,4096,4096,dense_bf16,dense_bf16
model.language_model.layers.27.self_attn.v_proj,model.language_model.layers.27.self_attn.v_proj,192,27,v_proj,attention,4096,4096,sparse_bf16,sparse_bf16
model.language_model.layers.27.self_attn.o_proj,model.language_model.layers.27.self_attn.o_proj,193,27,o_proj,attention,4096,4096,sparse_nvfp4,sparse_nvfp4
model.language_model.layers.27.mlp.gate_proj,model.language_model.layers.27.mlp.gate_proj,194,27,gate_proj,mlp,11008,4096,dense_bf16,dense_bf16
model.language_model.layers.27.mlp.up_proj,model.language_model.layers.27.mlp.up_proj,195,27,up_proj,mlp,11008,4096,sparse_nvfp4,sparse_nvfp4
model.language_model.layers.27.mlp.down_proj,model.language_model.layers.27.mlp.down_proj,196,27,down_proj,mlp,4096,11008,dense_nvfp4,dense_nvfp4
model.language_model.layers.28.self_attn.q_proj,model.language_model.layers.28.self_attn.q_proj,197,28,q_proj,attention,4096,4096,sparse_nvfp4,sparse_nvfp4
model.language_model.layers.28.self_attn.k_proj,model.language_model.layers.28.self_attn.k_proj,198,28,k_proj,attention,4096,4096,sparse_nvfp4,sparse_nvfp4
model.language_model.layers.28.self_attn.v_proj,model.language_model.layers.28.self_attn.v_proj,199,28,v_proj,attention,4096,4096,dense_nvfp4,dense_nvfp4
model.language_model.layers.28.self_attn.o_proj,model.language_model.layers.28.self_attn.o_proj,200,28,o_proj,attention,4096,4096,sparse_nvfp4,sparse_nvfp4
model.language_model.layers.28.mlp.gate_proj,model.language_model.layers.28.mlp.gate_proj,201,28,gate_proj,mlp,11008,4096,dense_bf16,dense_bf16
model.language_model.layers.28.mlp.up_proj,model.language_model.layers.28.mlp.up_proj,202,28,up_proj,mlp,11008,4096,dense_bf16,dense_bf16
model.language_model.layers.28.mlp.down_proj,model.language_model.layers.28.mlp.down_proj,203,28,down_proj,mlp,4096,11008,dense_nvfp4,dense_nvfp4
model.language_model.layers.29.self_attn.q_proj,model.language_model.layers.29.self_attn.q_proj,204,29,q_proj,attention,4096,4096,sparse_bf16,sparse_bf16
model.language_model.layers.29.self_attn.k_proj,model.language_model.layers.29.self_attn.k_proj,205,29,k_proj,attention,4096,4096,dense_bf16,dense_bf16
model.language_model.layers.29.self_attn.v_proj,model.language_model.layers.29.self_attn.v_proj,206,29,v_proj,attention,4096,4096,dense_nvfp4,dense_nvfp4
model.language_model.layers.29.self_attn.o_proj,model.language_model.layers.29.self_attn.o_proj,207,29,o_proj,attention,4096,4096,dense_bf16,dense_bf16
model.language_model.layers.29.mlp.gate_proj,model.language_model.layers.29.mlp.gate_proj,208,29,gate_proj,mlp,11008,4096,dense_bf16,dense_bf16
model.language_model.layers.29.mlp.up_proj,model.language_model.layers.29.mlp.up_proj,209,29,up_proj,mlp,11008,4096,dense_nvfp4,dense_nvfp4
model.language_model.layers.29.mlp.down_proj,model.language_model.layers.29.mlp.down_proj,210,29,down_proj,mlp,4096,11008,dense_nvfp4,dense_nvfp4
model.language_model.layers.30.self_attn.q_proj,model.language_model.layers.30.self_attn.q_proj,211,30,q_proj,attention,4096,4096,sparse_nvfp4,sparse_nvfp4
model.language_model.layers.30.self_attn.k_proj,model.language_model.layers.30.self_attn.k_proj,212,30,k_proj,attention,4096,4096,sparse_bf16,sparse_bf16
model.language_model.layers.30.self_attn.v_proj,model.language_model.layers.30.self_attn.v_proj,213,30,v_proj,attention,4096,4096,dense_nvfp4,dense_nvfp4
model.language_model.layers.30.self_attn.o_proj,model.language_model.layers.30.self_attn.o_proj,214,30,o_proj,attention,4096,4096,dense_bf16,dense_bf16
model.language_model.layers.30.mlp.gate_proj,model.language_model.layers.30.mlp.gate_proj,215,30,gate_proj,mlp,11008,4096,sparse_nvfp4,sparse_nvfp4
model.language_model.layers.30.mlp.up_proj,model.language_model.layers.30.mlp.up_proj,216,30,up_proj,mlp,11008,4096,dense_nvfp4,dense_nvfp4
model.language_model.layers.30.mlp.down_proj,model.language_model.layers.30.mlp.down_proj,217,30,down_proj,mlp,4096,11008,dense_nvfp4,dense_nvfp4
model.language_model.layers.31.self_attn.q_proj,model.language_model.layers.31.self_attn.q_proj,218,31,q_proj,attention,4096,4096,dense_nvfp4,dense_nvfp4
model.language_model.layers.31.self_attn.k_proj,model.language_model.layers.31.self_attn.k_proj,219,31,k_proj,attention,4096,4096,sparse_nvfp4,sparse_nvfp4
model.language_model.layers.31.self_attn.v_proj,model.language_model.layers.31.self_attn.v_proj,220,31,v_proj,attention,4096,4096,sparse_nvfp4,sparse_nvfp4
model.language_model.layers.31.self_attn.o_proj,model.language_model.layers.31.self_attn.o_proj,221,31,o_proj,attention,4096,4096,sparse_bf16,sparse_bf16
model.language_model.layers.31.mlp.gate_proj,model.language_model.layers.31.mlp.gate_proj,222,31,gate_proj,mlp,11008,4096,sparse_bf16,sparse_bf16
model.language_model.layers.31.mlp.up_proj,model.language_model.layers.31.mlp.up_proj,223,31,up_proj,mlp,11008,4096,dense_nvfp4,dense_nvfp4
model.language_model.layers.31.mlp.down_proj,model.language_model.layers.31.mlp.down_proj,224,31,down_proj,mlp,4096,11008,sparse_bf16,sparse_bf16
